{
  "oldParams": true,
  "wave_type": 3,
  "p_env_attack": 0.985,
  "p_env_sustain": 1,
  "p_env_punch": 0,
  "p_env_decay": 0.993,
  "p_base_freq": 0.113,
  "p_freq_limit": 0,
  "p_freq_ramp": 0.05,
  "p_freq_dramp": 0.71,
  "p_vib_strength": 0.081,
  "p_vib_speed": 0.952,
  "p_arp_mod": 0.6619988309043929,
  "p_arp_speed": 0.5168783237664738,
  "p_duty": 0.6802748740194513,
  "p_duty_ramp": -0.21140570632613878,
  "p_repeat_speed": 1,
  "p_pha_offset": 0.462,
  "p_pha_ramp": 0.8704442060106699,
  "p_lpf_freq": 0.797,
  "p_lpf_ramp": -0.04049106178084999,
  "p_lpf_resonance": 0.041,
  "p_hpf_freq": 0.6068294120592557,
  "p_hpf_ramp": -0.031202944293154827,
  "sound_vol": 0.613,
  "sample_rate": 5512,
  "sample_size": 8
} 
